-1.365075791709259301e+00 1.231954352879990999e+00
-6.096004026224688399e-01 -1.687666790536460848e+00
1.287845372840414337e-01 7.265393131727573284e-01
6.755823168124119871e-01 -5.615914557917323080e-01
1.721850785761899205e-01 -1.818668946700290334e-01
-2.306012252874660717e+00 9.052951637500590287e-01
-7.335688775061570688e-01 1.772229587817041319e+00
8.389841735875025464e-01 3.296617107670311686e+00
7.485665187024388434e-01 3.335215151207622686e+00
-1.140057212887866323e+00 -1.943681563659906963e-01
6.020353175174376625e-01 -2.032091216943618939e-01
-3.933487431581054183e-01 1.780479422803708189e+00
1.318788171913136908e+00 9.858202476912403256e-02
1.302223182323939188e+00 1.129196813714958392e+00
1.102133233522371469e+00 1.724418245549956596e+00
-4.408944417197562249e-01 -7.781192582684419712e-01
-7.329903279488920731e-01 3.175189200041033111e-01
1.466498051989285623e+00 -9.746875261826026815e-02
-4.874273353848613821e-01 1.740572569694328831e+00
2.284379092079935614e+00 1.479715971972924482e+00
2.262640667137747919e+00 1.133985756213027773e+00
3.470913276468871267e+00 1.962300446493363992e+00
-1.296146620900985758e+00 3.560540849748304870e-01
-5.644046002996832012e-01 -1.346561462051856228e+00
1.669173998718052720e+00 1.049265397678565526e+00
1.423339835653003593e-02 -1.963843289115564605e+00
-1.887822361307721630e+00 8.470243357578459698e-01
-7.613066628085312093e-01 -3.909068986431294412e-01
1.161348052644695095e+00 -4.375638708059552684e-01
-2.159687080660454006e-01 2.101371535912569755e+00
-5.432518557056499331e-01 -9.316285442787748394e-01
-5.657739070292389094e-02 2.238779534443016139e+00
1.236499493133695449e+00 8.691588792872639857e-01
3.731625905041536795e-01 -1.014053959319068277e+00
1.625295329008080047e+00 1.355005335119542575e+00
-2.604429080757556747e+00 -3.213867036283106771e+00
-2.766801374715186057e+00 -1.258681606279809184e+00
8.864893788229242233e-01 8.786661995367694988e-01
1.256492950843964174e+00 8.413476287279488819e-01
8.286876825257597501e-01 1.535078836447444139e+00
1.533622110804732763e+00 7.285683501755295666e-01
2.264622643485771469e+00 -1.405668705582239220e+00
1.944042217326170663e+00 2.290442602412580797e+00
3.974090191084472812e-01 4.117024273902138098e+00
-6.288026330593254887e-01 1.816066588820999472e+00
8.760085441146306939e-01 2.988684808373306634e+00
-2.379750184865335960e+00 2.415501022864694480e+00
-2.195979527534523079e+00 -1.915171793193718663e+00
-1.861294824204152709e+00 9.342667059429926590e-01
1.469009806296907916e+00 4.441211410394299008e-01
-8.560011170903321087e-01 -1.541755970032805401e-01
1.719655515968211201e+00 1.245037779304061232e+00
5.965273500587198185e-01 2.636913409958716148e+00
1.717900411855328047e+00 2.126434455140665314e+00
-1.893066855367056656e+00 1.091462785855226603e+00
-3.090498312887861587e-01 2.002400618717587122e+00
9.862170322725909433e-01 2.129985200758912622e+00
1.497875756858822127e+00 -1.028110402379587729e+00
-3.676584103291141714e-01 -4.958027855007201001e-01
1.737910078004364811e+00 -2.159318996940060575e-01
1.166815338939787061e+00 4.989084835723995859e+00
1.640126210757002267e+00 4.109349224414824420e+00
2.053415772835743613e+00 -1.451511941033863717e+00
3.713191217741298011e+00 4.869910047202233194e+00
3.011956747672990709e+00 2.317393082880589095e+00
8.808010120940740206e-02 1.282861446051415388e+00
1.656098471814410944e+00 5.036905389615501605e+00
-1.437719800625226974e+00 -2.203360435439625675e+00
-1.143811137972001513e+00 -1.583022327897974257e+00
3.663500011237741383e-01 1.741792197304392609e+00
6.523177945743745543e-01 2.066506127756009725e+00
1.884708707049927989e+00 1.851014429223839297e+00
9.047072670645164294e-01 6.210313508698872553e-01
2.939836635819616184e+00 1.014301528179974099e+00
-1.599044209256740290e+00 3.422688566405624133e+00
2.405057513437278693e-01 3.154273779561210578e+00
-2.194541011175199507e-01 1.957315969871614492e+00
1.698896308764669572e+00 2.292169226741315846e+00
2.566110471567762730e+00 3.366614138470994888e+00
1.829919438741974824e+00 2.079583136297292079e+00
-1.451167441692782223e-01 -2.942352391880130646e+00
1.316419200972723802e+00 2.275524430277706234e+00
1.186307111640723999e+00 8.744347113947980032e-01
2.489689423303928173e+00 1.385939708135331960e+00
-3.131878937367545968e-01 2.558584230691038464e+00
1.684006788315503544e-01 1.629354211565618771e+00
-1.788050154841303030e-01 -4.539274946483833340e-01
-6.321958104821203683e-01 2.009523396752073587e+00
1.190966652077726007e+00 1.649066693957605079e+00
7.826545176803884063e-02 6.360508750399462841e-02
-4.156080109796800315e+00 3.161965909527353347e-02
-9.525514975892230840e-01 -1.495560568332423568e+00
6.100156861038521505e-01 4.132538157029053139e+00
-1.937894171025149825e+00 4.117845716259498801e+00
7.882105234600611521e-01 -2.870103599171862641e-01
2.139324289541177038e+00 1.001705434676268158e+00
8.351665464708268871e-02 5.423432529473888319e-01
-1.124756274776234521e+00 -3.815134272995328590e-01
-3.481746589991352003e+00 -1.274592278969943315e+00
1.144430626069395274e+00 1.620771115322170219e+00
2.690602733172826611e+00 1.682846376683597045e+00
2.444109881108672333e+00 2.679036647071374233e+00
1.115830170184503922e+00 9.825034653546960151e-01
-1.174075780815946324e+00 -2.627158902829512144e+00
-4.423904274857342056e-01 2.682644579411802344e+00
1.498184941011440507e+00 -7.377254207268912900e-02
2.066708218734062186e+00 3.404584773224277328e+00
9.446551784395712525e-01 2.131085216312929020e-01
-4.328878659138344354e-01 -2.095031406820968556e-01
1.436214281921628810e+00 5.115192786470492692e+00
8.821247244295358225e-01 -2.295834835027052989e-01
2.170097800096389307e+00 5.337618983691643670e+00
5.666180443643289433e-01 -1.899651719165333041e+00
1.047370337481916325e+00 3.643847195393687954e+00
4.783113790287543132e-01 3.727634573917556704e+00
6.745102530758180226e-01 3.153068730626852112e+00
-1.740475703780053340e-01 -5.531792508385245277e+00
-2.629664178477338909e-01 1.610974263001470952e+00
2.074223414117132847e-01 1.708340813845173223e+00
1.392159263688368842e+00 1.793059736183589159e+00
1.388443513745168389e-01 5.829665256372744686e-01
-5.911144268499295418e-01 1.438260541927994574e+00
-3.554613724396545216e+00 9.431098977897833802e-01
-1.413620212915536190e-01 2.416538199692053190e+00
1.832827062716424704e+00 1.509329788673164474e+00
1.034925165175740736e+00 1.068355586780771027e+00
1.242928351686082844e-01 6.603082783151121848e-01
1.720337698005378613e-01 -2.158542118439635615e+00
-2.019452987752173634e+00 3.259544651747805499e-01
2.095975364127911966e+00 1.669318607558142986e+00
7.930778676261800442e-01 1.621857678061728869e+00
1.356589148360184183e+00 2.984179521725393691e+00
3.342852008576932654e+00 3.901911329866781131e+00
6.431542303864608012e-01 2.524509501419686330e+00
-2.853459216890350536e-01 -3.017850640202546231e-01
5.610190390983111897e-01 1.769125082534323212e+00
1.253101097330290514e+00 1.905883036037647971e+00
-8.661686144895104356e-01 3.135689791035497720e+00
-2.129547682905583272e+00 -1.626406210262019592e+00
2.824970808085884855e+00 2.907421617956605253e+00
2.057276048398804846e+00 3.748131868405756961e+00
1.720264649417473812e+00 5.279321686139755165e+00
-1.964523906084439941e-01 8.280280349723927458e-01
3.126483666022400243e+00 1.896661148100133421e+00
-1.617573160775774843e-01 -1.285820996403096661e+00
2.028871780767190991e+00 -1.334724966519642564e+00
1.769077903680361441e+00 2.829661465775303419e+00
-1.663655309925608838e+00 -1.983801518322683144e+00
1.923303406085703715e+00 1.884679244622144978e+00
-1.012187043788997931e+00 -8.538853659584835221e-01
1.064193646298149831e+00 1.957480378678527533e+00
-1.456455552724851943e+00 -2.346067092952603517e+00
2.314805058263929460e+00 6.384594535802120552e-01
-1.981503432606750437e-01 2.834935762873880272e+00
2.009698625299914942e-01 3.811056769997743565e+00
1.060842514337150710e+00 2.595762118362969773e+00
7.049871187206456780e-01 3.830816322236693328e+00
1.154763278943344407e+00 1.361940382861841936e+00
-1.532441302345021406e+00 3.149448867339283087e+00
-3.998913221860953549e-01 4.786104183598199668e+00
-3.436757814915152309e-01 2.728455020007074516e+00
5.211961043101868141e-01 4.425732567058200395e+00
3.660966544016273083e-01 4.112251756268500813e+00
2.545353508160296485e+00 1.146923713237437914e+00
-9.347576276650810811e-01 1.141415126127589774e+00
1.217780430672052994e+00 -3.379261623711271589e-02
-3.501070255311387047e-01 3.133272810672157238e+00
-3.921532476661266031e+00 -3.124705546840443660e+00
-1.286151312777460864e+00 -1.618973306259841483e+00
-7.308133260927540675e-01 -1.312636509969156151e-02
1.185722239485572427e+00 1.547380300733472325e+00
1.554837434989428724e+00 1.635675436543706285e+00
1.140490873685269801e-01 1.175999734746116188e+00
1.681872044091740515e+00 2.611035582861774618e+00
1.407972742780531750e+00 4.146126134648378425e+00
2.280835645702632419e+00 2.587653740437396710e+00
1.232459450059756323e+00 -3.593645009408286128e-01
1.735571124306213742e+00 1.104217675766240525e+00
8.266622895056753295e-01 6.281653556863000532e-01
1.210691308977205338e-01 -2.446011882029242024e+00
1.787931651064992522e+00 4.449510502307495230e+00
8.077745856267739555e-01 -3.207856932086865065e+00
-7.495280359116722746e-01 4.976750848261473070e-01
-7.688344162373268453e-01 3.778837211148113440e+00
1.001790386502202423e+00 3.082775834337672993e+00
-7.204520624836157072e-01 -1.211937877722596202e+00
1.625917912265509413e+00 3.499895003710546515e+00
1.066600020976447460e+00 5.479866646932499030e+00
-1.533096532932222367e+00 7.182571593055495640e-01
5.903770269062142972e-01 3.303062066388922524e+00
9.355668730651289788e-01 -1.834948688803488270e-01
2.146641651863186340e+00 -1.833813344270054824e+00
9.049647086666370299e-01 -2.489642485517225445e+00
-1.354653059939683102e+00 3.022044749339772629e+00
1.618806838248568969e+00 7.815325159945190059e-01
2.385230838811318144e+00 3.961856319155636186e+00
6.145534259871454630e-02 -1.002341749906506596e+00
-2.085968564679184567e+00 -3.481357890664277477e+00
1.300571198407396434e+00 2.596537596558867733e+00
1.817759450479283334e+00 3.802033921703920960e+00
5.500295544287459037e-01 2.248058218577607015e+00
-2.166371029872310450e-02 1.216619702118331148e+00
1.379960677138905023e+00 1.843123349934320698e+00
8.537599176250585398e-01 4.190848781968581349e-02
8.139613233478769638e-01 9.521810888629904657e-01
-1.415119400601690947e-01 1.643497368274733361e+00
-3.848029559457237792e-01 -2.358299080457132213e+00
-1.943130377588666580e-01 1.325073765933872050e+00
8.120627244934117694e-01 6.461698367333388315e-01
-9.313571448979576228e-01 -1.441516514775584401e+00
1.227046146285086348e+00 1.115920493561225468e+00
-1.659331146974738713e+00 8.389675586099594184e-01
-7.827414771642340341e-01 -1.458741280564721965e+00
3.040221403201324613e+00 3.422323159543559257e+00
1.651059257532230040e+00 1.348801311605117403e+00
5.445802139965389976e-01 8.913279853133158070e-01
7.263177167043988192e-02 -6.654400303090304281e-01
3.989915564639074930e-01 1.780917440002577123e+00
1.545391859919278632e+00 1.366578518864694836e+00
-1.529327484655723657e+00 -2.403077457428894004e+00
2.664142448561078069e+00 3.321112730053235040e+00
1.879356566185140354e+00 4.598524514840461208e+00
7.591298782820281588e-01 2.866798096446258270e+00
-2.016232593800475925e+00 -2.870099220450266664e+00
-3.662472639058487189e-01 4.334833890235335607e-01
4.617719258482397393e+00 2.254581552096063923e+00
2.069396600713597767e+00 2.791860440949368360e+00
-6.952655300598351573e-01 -6.435544998843343301e-01
2.967656247612601383e+00 1.326631906085632640e+00
-1.314340805814781854e+00 -1.083541003079175447e+00
7.646050748085476689e-01 2.382717387024411160e+00
1.807818312748751266e+00 3.017143188082115124e+00
8.392782498931669055e-01 -1.112486481960238027e+00
2.314875539170824670e+00 2.917677277844440198e+00
1.750342690437434179e-01 -1.584932197339933957e+00
1.120508860245683858e+00 6.582615997857763190e+00
3.967266410434673318e-01 9.643398290697560160e-01
-5.845852505844750802e-01 -1.791397962043492331e+00
2.327377375150913252e+00 1.553947946188185103e+00
1.700742211769647128e+00 2.631338718173419355e+00
3.489142201760039086e+00 3.306059254328309605e-01
-1.578623433070475146e+00 -2.863754993369914459e+00
-5.189801479690996366e-01 2.571791496138334132e+00
-1.431011061254796157e+00 1.588398945733140444e+00
5.966817880655049811e-01 -1.252524691555081837e+00
-9.280660172755028636e-01 5.886576263750076254e-01
7.024559409295575430e-01 -4.641146103643589704e-01
-5.417968286213139528e-01 -2.246333418975938745e+00
1.189077405131569343e+00 2.767110755339133199e+00
6.860368363638926770e-01 -1.185833653485595107e-01
2.754976207777738217e+00 3.167284620157768682e+00
1.805013178190519874e-01 -1.731026978369176739e+00
1.757561343315575897e+00 2.554776636341736129e+00
4.977173714884836064e-02 6.918385404123539306e-01
2.231108622662985042e-01 -1.235133915369440505e+00
-1.500710684535338624e+00 1.082517155389186581e-01
1.940478490422480551e+00 -4.419454105173361569e-01
-5.325584916428636184e-01 -1.593678554771638112e-02
-2.436870963305196369e+00 1.363050776688887300e+00
-3.433766250409102661e-01 3.549193165838709918e-01
2.859139886024374633e+00 2.136269608235315864e+00
-1.930419981826585474e-01 1.663725500645166999e+00
3.874094813740960319e+00 1.896373130462021717e+00
5.892298909760556036e-01 1.121643624209485601e+00
3.146569360840462792e+00 2.431270180458632080e+00
-1.711579141882439759e+00 4.576004564859145418e+00
2.009646403692358252e+00 1.129056955544960106e+00
-1.095128378683922099e+00 -3.972619796916725399e-01
3.613912619322897868e+00 2.957834584924706967e+00
1.897885723423833104e+00 2.834261773889558356e+00
1.331184695579943345e+00 -1.766472961248239493e+00
-1.002025434189961484e+00 1.430209312801270505e+00
1.936428373311873230e+00 3.418961994237314617e+00
2.306999109848584695e+00 3.942132884383363622e-01
5.252701523174005960e-01 1.596763499484498361e+00
3.584657871541478080e+00 3.196578494770948797e+00
-1.341216822338485715e-01 1.663767599320291168e+00
7.740626585095762291e-01 2.925768870237456465e+00
-8.176893276908525632e-01 5.194411569787015237e-01
1.427028782600078483e+00 -9.387303469226617736e-01
-1.693793416889032288e-01 -1.873079174828489624e+00
8.996890243493462780e-01 3.458955736466847064e+00
-3.769842616567780080e-01 2.990353279591790869e+00
-1.680389801584717402e+00 1.532548147159646046e+00
1.501708084799076692e+00 3.851637016299143124e-01
1.063768311259624344e+00 3.066615934287360457e+00
1.355546429648759821e+00 -8.792369491967213513e-01
1.712498102740112271e+00 3.131040518581563514e+00
1.237692548715418450e+00 4.450200041259666506e-02
3.625560908444352970e-01 3.926635551216612896e+00
-8.883064158395814758e-01 2.349792324892980844e+00
4.305858557666242259e-01 2.745423855875074981e+00
8.264208263975609814e-01 6.555421353553794184e-01
9.594226747561929169e-01 -1.246976728778763643e-01
-3.154248919327089062e+00 -3.546407472384403903e+00
1.298614522144449168e+00 1.409563996741702852e+00
9.561009711160410873e-01 1.109812238260148742e+00
7.288068614023851532e-01 3.509631695938362661e+00
-6.558993688098659902e-01 -1.531537402331228925e+00
1.889093126863972794e+00 3.082865051150939451e+00
1.712227561001315568e+00 1.656741719408399316e+00
1.589447566512674381e+00 -3.348756639774734367e+00
1.070404553192716435e+00 -1.362979044409088569e+00
5.660987870203404437e-02 -1.713167383973695390e+00
-2.756772514645274619e+00 -2.002091789075289618e+00
2.109946325583901938e+00 4.612661878125746462e+00
1.611446139785538412e+00 1.946533990916451629e+00
1.084965759392011009e+00 3.439694469599199778e+00
8.907764171693338673e-01 -1.517745293448700572e+00
8.512951546154213789e-01 3.685452183642330404e+00
1.326914288298732814e-01 1.488451277717383503e+00
8.614055186029898614e-01 -3.604909588667917220e-01
2.092539072023158475e-02 6.659637806160155549e+00
3.920600653490313725e-04 -1.614162092708476770e+00
-4.803166269604340899e-01 3.218583198531940415e+00
1.197940202043066060e+00 2.634629370524443459e+00
1.174312197350912967e+00 7.193828109313793462e-01
-8.441399531519524491e-01 -1.144043041555589557e+00
-6.660599969408271814e-01 1.003548501549560434e-01
-2.437523697944651069e+00 9.160476900902896347e-01
-2.039740620654971082e+00 1.062851537013092429e+00
2.092384087780196467e+00 8.759014139364778018e-01
-2.392874671222039673e+00 1.280678345236747173e+00
2.172563376677924651e+00 7.731745569216446068e-01
-1.113355720911945568e+00 -4.845592617037524974e+00
7.728807224951382837e-01 -2.025454888176968726e+00
-8.345764468273628722e-01 -3.345972523808457666e+00
-1.410583657695468895e-02 2.782948714270853108e-01
1.890031454994842930e+00 2.906262312096962397e+00
-1.452533047744119843e+00 -4.501764474922691051e+00
3.510279914452556493e-01 5.498146503779868688e+00
1.223874418543116738e+00 3.005753523104048863e-01
2.622102798735936879e-02 1.483445907801207886e+00
3.381201636882820161e+00 -4.133522669744711386e-01
3.589925414669035142e-01 -1.619657968041381846e+00
1.847502689808673715e+00 1.413870131350856818e+00
2.016141716224630898e+00 1.774268124960578508e+00
2.566990759741473838e+00 3.684528261094532464e+00
3.272456649517627159e-01 -1.729741888327782640e-01
6.279437411829034144e-01 -1.942280889350051609e+00
2.552667381323533213e+00 2.991604317067301011e+00
3.570250941827962876e+00 1.241981516564377053e+00
3.931211018309552774e-01 3.293948782148762522e+00
7.510028219240016956e-01 7.078643030253850554e-02
-3.149514234469563689e-02 -7.226723187858234976e-01
2.556519932685613838e+00 3.022179856419215049e+00
-1.269545694932173729e+00 -3.208057574950151647e-02
5.125630074780962442e-01 2.290921698355434355e+00
-3.602865047299264045e-02 -1.053650485382300772e+00
-3.542378304794902011e-01 3.725685235223067604e+00
1.175157184955658796e+00 -1.704878024213804188e+00
2.833332152981904883e+00 6.437557642577040440e+00
-5.532635969919212915e-01 3.657455555462424623e+00
-1.098706743799046093e-01 -2.487972386248398227e-01
1.216554834952008779e+00 5.015802563182893969e+00
-1.261323686963965907e+00 7.159902867255003578e-01
1.036132250322973958e+00 2.220105791548020235e+00
1.292184363880658271e+00 3.991889082377999109e+00
-2.655091771623022678e-01 1.065066711714193870e+00
5.229499360659655149e-01 4.313755613367397324e+00
1.909266917395001206e+00 -1.778680053647342163e+00
-2.694323465347968627e-01 8.973257205747486864e-02
2.319774755609193662e+00 2.855611822402253530e+00
1.359590194427727994e+00 2.058733292630969824e+00
-9.914873910948007740e-02 1.895121887279449302e+00
2.132059333463602879e-01 2.275466118495701462e-01
2.807306295926012218e+00 4.634979968305612097e+00
-5.703905046929005351e-01 1.168207825808342815e-01
5.477240219354858608e-01 1.684677392854568190e+00
1.481415816698803956e-01 2.807832440708933675e+00
2.269651610054284951e+00 1.051063918851420365e+00
-5.162698113793683374e-01 4.311690759836857012e+00
1.116893116044205492e+00 -5.370334513583303604e-01
9.037290732256207937e-01 1.661469182206894768e+00
-2.075164009841298451e+00 1.820285364294249586e+00
-7.941278959759867639e-02 3.526258490896310605e+00
-1.843375154367524749e-01 1.185267891313581679e-01
5.562567562347375816e-01 2.128751977801221607e+00
3.426991658576695521e+00 8.629892887080110597e-01
-1.237194835570977203e+00 3.084384605138992264e-01
9.440880343270960928e-01 -2.711159850320785658e-01
5.214300178947044451e-01 3.021341938335935229e-01
2.225036286080532832e+00 -9.226508765835936821e-01
9.359502809198058104e-01 5.168349671432315162e-01
7.639408403901362110e-01 2.962047687327520773e+00
2.608470673665954642e-01 -2.354955872533741612e-01
3.705907517686436670e+00 2.840223927507062207e+00
-1.718087913605902406e-01 -1.764269880763846388e+00
1.144877269641649598e+00 -1.450128246879140548e+00
2.003190788470700312e+00 4.507780230925980680e-01
-1.103166204363460912e+00 -1.313093763756244314e+00
7.017669665549380875e-02 2.382432621064323186e+00
2.343913494725306634e+00 1.259381588136520014e+00
1.852248488200938459e+00 1.168507637492482543e+00
-2.526623582244691413e+00 4.776636608990725286e-02
-8.809138328367269732e-01 -1.806435323400874093e+00
1.779780845035063397e+00 4.249871532291376042e+00
-1.377473872644273234e+00 -2.888459181533005626e+00
1.107828569227958138e+00 2.027157484562002399e+00
9.397255511854494259e-01 1.161286415945719908e+00
2.736498590234083927e+00 -7.690171963255205689e-01
-1.732435028554755396e+00 1.255031561007235119e+00
-2.079906280435184218e-02 4.115895628938263107e-01
2.207010532410628834e+00 2.121918001002534027e+00
2.535131029758441734e+00 -6.722542364951520355e-01
-8.072615688093103259e-01 -1.201790638243958487e+00
1.284860910878581342e+00 -3.513316057341036025e-01
3.689145130208217438e+00 4.663559133093264641e+00
-1.578359024074877937e-01 1.151824516807560705e+00
3.026001879200851619e+00 -2.386935202118329435e+00
1.003204238081645050e+00 2.443684017511852380e-01
1.323684174648633416e+00 3.191824990314126698e+00
1.991925345747090903e+00 1.496273778375158958e+00
2.104748241971409861e+00 3.326911577429896294e+00
-9.508461612653069661e-01 2.188928484187103507e+00
1.257836902412619029e+00 3.231555469263226676e+00
-7.153186638022399624e-01 -8.149397036290149110e-01
1.656564336076356225e+00 2.645199257711973395e+00
3.585191314804818674e-01 1.781375805887727815e+00
8.638517494360974380e-01 4.683214752028398209e+00
7.740680113411178009e-01 1.192316677937256708e+00
-1.715316876776704635e-01 -7.168429325003389252e-03
-2.124610162279597647e-01 3.597102086630366458e+00
1.357724606107613585e+00 1.051270599185565757e+00
-7.349616056185783730e-01 2.957288733671930014e-01
-1.023108921015918549e+00 -1.898388780364685946e-01
2.155119382869778999e-01 -1.905597452588453589e+00
1.080824059824163630e+00 2.720017256616312995e+00
9.304330090790940977e-01 -9.027656720915562261e-01
-9.551949184382522162e-01 1.667291036740431664e+00
1.560706315467204064e+00 2.993637842825424222e+00
6.427944509714684784e-01 1.133025743361792292e+00
6.250146274526251489e-01 2.887898133179537474e+00
-2.486625511678693945e-01 3.250316346675524937e+00
2.811775959760446364e-01 4.274409789266048421e+00
-2.036711923580913908e-01 -5.031039778120289796e-01
-1.462785332311975717e+00 -9.448539365137551549e-01
9.600707713076430672e-01 1.153932591216298764e+00
1.617018820265249568e+00 1.518042270272834671e-02
6.708504234440022529e-01 -5.431324700190605093e-01
2.547327882569783153e-02 -6.903932831483206023e-01
-1.252535151559138304e+00 3.717158574179517672e+00
2.118541202657779898e+00 5.402549127543813334e+00
1.824915622736614340e+00 3.216251237052575984e+00
-3.961387004492304964e-01 -3.870754972341217126e-02
-6.452338339379777299e-01 -8.162520994724487000e-01
2.192017946410350859e+00 7.253446854134361743e+00
4.862089592436812380e-01 1.660380119631759577e+00
1.160766945528791227e+00 1.139176405484572774e+00
1.236422324385059390e+00 4.292719296453559874e-01
4.447360181378873234e-02 1.382126857813413157e+00
7.001310240007708741e-01 2.992531370073513663e+00
-3.984843317192345857e-01 4.677950680937741357e-01
3.121804623527668632e+00 2.815320128346372464e+00
2.504231344112997082e-01 1.055971458762662740e+00
-1.736239328462264586e+00 -1.770077786164498956e+00
1.698511561610107856e+00 -1.015315142543729010e+00
2.446052704375035081e+00 1.568528152866943248e+00
-2.698604450518720110e-01 3.258241208992794125e+00
-1.240443466974022746e+00 -1.577497406110821121e+00
-2.885330060538406904e+00 -1.730529545033806738e+00
-6.510286142047960745e-04 1.872522036149484315e+00
2.525213994861020161e+00 -1.138963277457156753e+00
-1.058463196152094943e+00 -1.189872545621678324e+00
-1.998253736010630055e+00 1.464323011710153999e+00
1.240402098566733669e+00 3.958240141255356725e+00
-1.271042425834789880e+00 -6.375068617518131475e-03
9.289545560159260251e-01 1.926122145558369247e+00
-1.570954565981854012e+00 4.639634867020824061e+00
4.785143705122707480e-01 3.310360921626398056e+00
6.318980820353159444e-02 -3.868893528414492078e-01
-1.039972340355549640e+00 1.174944597879826746e+00
1.296349783714927817e+00 2.228408915344780361e+00
6.541843192623153502e-01 1.160392881185197789e+00
8.052033646322424021e-01 -2.271788028692212080e-01
3.905251838208378956e+00 3.090913285482846717e+00
-8.050573607446824820e-01 -1.168405388261237299e+00
-5.794588561391558201e-01 -2.452559251828076992e+00
5.177303513979090166e-01 -2.765186358729302185e+00
-1.110805214510129479e+00 -1.452853069307685097e+00
9.959847436848792146e-01 1.974544014850808438e+00
-5.054540308435139240e-01 -2.516028365868374639e-01
1.023983547812245209e+00 5.431645620643379857e+00
-4.490034458997630429e-01 1.733574881504383658e+00
-1.337108048728161247e+00 5.887067911489366701e+00
-1.700649916573684362e-01 1.194523471823933036e+00
-2.380733843375462122e+00 2.013711654656140659e-01
-5.853076385280306937e-01 -1.604458253802370837e+00
5.878851198783038301e-01 -7.701120475503029361e-01
9.223732010395331304e-01 3.482901810854128755e+00
1.582053259699742975e+00 1.209396852203109773e+00
-6.489151387746230348e-01 2.451342579795162457e+00
5.679513385169470130e-01 -1.588192515683761741e-01
-2.169814714622345875e+00 2.202876783581702025e-01
7.508702973732626074e-01 2.061770545127282972e+00
8.044698717145074562e-01 -1.640309155640160554e+00
-1.040117341192242861e+00 2.572008327056674037e-01
1.113409407132750495e+00 3.795853470672829744e-01
2.382309470182301325e+00 -5.681710421196519700e-01
1.456845642986439149e+00 -9.075304521910094735e-01
-1.841961590127810799e-01 1.181947157792626601e+00
-2.061685023139326889e-01 3.896657335232661445e+00
-9.116239956281839696e-01 2.733524432403205306e+00
2.056511757947693475e+00 4.181416370939847749e-01
-1.994115741850037926e+00 1.311547013289729335e+00
-1.925117288128834092e+00 1.970898591067848926e+00
5.394049367931963435e-01 -1.214442654677097888e+00
1.715079165222939572e+00 5.993616540401380810e-01
-3.134091672170344012e+00 1.756443937498510577e+00
-1.881436937888817384e-01 9.838721998025951043e-01
-3.667495618189255957e-01 1.709074011018818062e+00
-3.812319086407889301e-01 -1.638900172579903725e+00
-8.993839006971573458e-01 2.622959166252773588e+00
2.103464722221789263e+00 8.642730400740146202e-01
-3.279996499994289882e-01 1.340133216101207170e+00
-1.796509978720662870e-01 1.747304389500702548e+00
7.070819826126002461e-01 1.256529133652933172e+00
2.084411256579020044e+00 -9.522825690869218818e-02
5.749199375376227161e-01 -7.776334417457264614e-01
-2.966826784253320248e+00 9.965469528296062585e-01
-1.864968725332757371e-01 3.772804615461594402e+00
2.635303363563968659e+00 3.107872286249263816e+00
2.703262080160625302e+00 2.110414994837715774e+00
-2.184597276757979323e+00 -3.958604370720931520e+00
-2.984370334646118117e-01 7.825273805851181708e-01
1.324031815579560512e+00 8.755409008733948673e-01
-1.662119095302375671e-01 -1.091840214077496096e+00
2.138742817923924733e+00 1.685524748795878436e+00
7.176258486246880341e-01 2.800357836161916580e+00
2.258165954064382142e+00 3.092389842390856458e+00
6.059061892723814902e-01 -1.918904959687553369e+00
1.191290206102291638e+00 2.567803613548871322e-01
2.336564472098207279e+00 1.836031285044703587e-02
-2.774911260910715161e-01 2.040812598505655773e-01
-1.376992861124947121e+00 2.891536597130543118e+00
-3.172150610050167963e+00 -2.761344520140323944e+00
1.982018500029774311e+00 -5.829865574921804239e-01
4.866309651452600527e+00 1.233358726617627577e+00
2.993829074791796718e-01 1.003318252433931690e+00
2.958966694941247866e+00 2.439968594565172122e+00
-2.474669765832765655e+00 3.039590905532887355e+00
9.529622257738367130e-01 1.688218050173056373e+00
-2.846977649875048755e-02 -5.290637662695827359e-01
-1.755194968642765918e-01 -8.976696807345350138e-01
5.055993732116774719e-01 2.345873142530613187e+00
3.250678654253708721e+00 -1.287094798875363377e+00
-9.282519191302742723e-01 4.415519470248847611e+00
-1.148486435233326608e+00 9.679396054083897472e-01
2.664573136979390355e+00 -4.242469160236751691e+00
5.708354561525413873e-02 2.582743798121265755e+00
9.183774894204272954e-01 -3.917967520060803288e-01
-1.909937910284286167e+00 1.070265381149766881e+00
-1.459629858484946530e+00 3.076343397059368989e+00
3.732938264101250958e-01 -2.660896690146210108e+00
-6.451938227915101631e-01 1.836806746009938873e+00
1.250531871188237387e-01 3.283693107809005696e+00
-4.551967633532453261e-01 -4.935541473120252931e-01
9.782769760741976128e-01 -9.040130724266419726e-01
2.202107621616489652e+00 -7.399566289882093528e-01
4.202736985230363653e-01 2.747371345235336548e+00
-2.457546297697422943e+00 9.709949297085641584e-01
-1.161793692946080592e+00 -8.088862856773122445e-01
5.497766474172164353e-01 1.971530335731563000e+00
1.049761882964890702e+00 1.363705910648871367e-01
1.145612001092611187e+00 1.536482333891110663e+00
-4.540414412799862465e-01 -1.278375862247576933e+00
1.803141619969064413e+00 -6.480796880642132329e-01
-1.487213580794528589e+00 1.880739030967228498e+00
3.723275092712768908e-01 1.168228290599013786e-01
-1.512522404845544566e+00 -1.433641890438628774e+00
1.901788074670075046e+00 2.075561389509100962e+00
-1.085934437574267442e-01 -1.766521804045830812e+00
4.120579351276214553e-01 1.655135269687759036e+00
-2.600854446890468186e-01 -2.232712736587580959e+00
2.100774375550099882e-01 1.936138790465271819e+00
1.387811944690398036e-03 1.528467049590099602e+00
3.363972829237379614e+00 4.184648578322414991e+00
-5.770730223582389851e-01 3.591791303469100693e-01
1.646269408816713797e+00 -1.382380039589324205e+00
1.062091105194301055e-01 1.362242462095510920e-01
1.699578938196305566e+00 2.649107482609779574e+00
1.387718873074708092e-01 4.731849713879938690e+00
1.108154229251844036e+00 -7.898905105127957960e-01
-2.301402604112787742e+00 -7.969908671737258032e-02
-4.433990762893657012e-01 -4.556234246391093201e-01
-3.001769138120859992e-01 5.689130851055297811e+00
-2.069696467176742605e-01 8.404962250598585483e-01
5.430988716628969426e-01 7.959659166189252399e-01
-3.096074588530139060e+00 -2.493321281170338910e+00
-2.235374613797260324e+00 2.609117948268100395e-01
6.109911257466887902e-01 2.805230164857551944e+00
-9.026127076514152137e-01 3.215057860272663603e+00
1.408924534512287607e+00 5.428867494899284329e-01
5.734593616107916958e-01 2.083844998454924546e+00
-2.528010701251063530e+00 -1.549182200603888226e+00
1.923411216853026517e-01 1.307373400115189543e+00
-2.097758365671952951e+00 -2.799570785726444022e+00
3.075966927231881698e+00 -7.531264834401096842e-02
4.119020112768637665e-01 3.548184004994378249e+00
-5.504797641650833739e-01 -1.762309409092770451e+00
5.117606798538104629e-02 2.384099294475631181e-01
-2.127806165972401242e-01 1.030217898389264697e+00
3.382110417965928484e+00 3.847910770800102576e+00
4.804493756528101511e-01 1.019893082276342344e+00
-1.124314305351491461e+00 -3.750514058264198258e-01
1.366662252949220502e+00 -1.835996394782188901e-01
1.104246522217770865e+00 2.661134018247620414e+00
2.132970121784577566e-01 2.720020316707907782e+00
3.623271458256454580e-01 6.885937709184979383e-01
5.056672416509123691e-01 -1.561804817067635742e+00
3.348418010200699957e-01 1.261100323490412123e+00
1.506044360281917571e+00 2.349079852357077058e+00
-1.603867170537931264e+00 1.932832406159086247e+00
1.370126002554674205e+00 1.346446404251200102e+00
-6.171945760771830880e-01 -1.963648802697205209e+00
-5.461024834173517917e-01 1.208841232184625802e+00
6.905789479143256138e-01 2.214285083651911457e+00
3.646468002964469157e+00 2.471500666064102347e+00
-5.455380686323030304e-02 3.636610605988274125e-01
8.924637809486419826e-01 4.018900319689869605e+00
-2.273561757661367366e+00 3.797268326354601875e+00
1.069181969883886696e-01 3.305052312746868282e+00
-4.246055849913808800e+00 -7.569544817501179246e-01
1.382536633080589938e-01 1.449068406433591916e+00
1.822339890605766177e+00 2.836089789256033278e+00
1.987849785238736011e+00 2.023145478140735420e-01
1.142617382113058300e+00 2.451982118527219257e+00
1.265002101528424738e+00 8.087832380590291859e-01
1.721974072903080355e+00 1.655960437720435552e+00
8.360820611789439027e-01 -2.296405626773853736e+00
1.534433738248773826e+00 4.242650320420921162e+00
1.663126788943202206e+00 2.309442723515915397e+00
9.620227807777448348e-01 4.838412974032220149e+00
1.769201041505097161e+00 2.793999151306604478e+00
-6.256964918762919492e-01 2.252960622984079286e+00
1.096664686973236158e+00 1.118683391220873791e-01
4.105625908746558528e-01 1.280845597787641399e+00
3.353321549153832626e-01 -1.134501732500706517e+00
-6.885566144276757949e-01 -1.062568760702276016e-01
-6.714120638830241017e-01 1.615699279283195899e-01
1.121961262102438184e+00 3.511120804978665966e+00
1.182080821398120651e+00 5.078303473205370011e-02
-8.617375487171234916e-01 3.391119584721073554e+00
-4.818369827232771296e-01 -5.384723841350131934e-01
4.281399264753701139e+00 3.925411769487582969e+00
7.353127018858141017e-02 4.014727701506088486e+00
-1.913017383535634997e+00 2.148022901788384509e+00
6.106471740958325789e-01 1.935320943131446203e+00
1.073242163851254372e+00 1.524949453207645522e+00
6.561634814323857867e-02 -7.348731524143188309e-01
-8.450830567609208810e-01 1.630934010568176440e+00
1.564634901859746297e+00 5.073904381780878214e-01
-2.690132075699617209e-01 -1.816913906121805589e+00
4.287052473406089970e-01 4.899872208734155521e+00
-2.941713114195798617e-01 -1.242950553148033599e+00
-8.270192889654670587e-02 4.563322488205298066e-01
1.358812919472008662e+00 3.081700234680021744e+00
1.767311144552314195e+00 -1.075835760318759604e-01
7.571042921522053160e-01 6.507421495754938112e-01
-6.455293098031198440e-01 4.540544857984575522e+00
-1.175537453916740693e+00 -2.116764108360749130e-01
-1.998017360361412420e+00 1.940818169168275320e+00
-9.068847845161884802e-01 3.301003663198707194e+00
3.686705416949264347e+00 2.902080015735802210e+00
-1.062446503638334594e+00 2.475246195608487021e-01
1.955779602721166577e-01 -4.044713870869369732e-01
-6.634973762408276077e-01 -1.284874898494157591e+00
3.945064947869622252e+00 3.734227893329276959e+00
-3.083137553891368565e-01 2.474467888183787823e-01
-1.256168197795043850e+00 4.751069933004123946e-01
-1.058617119443722165e+00 -3.369158023011205039e+00
-5.282556495497765514e-01 -1.412030861818232896e+00
-2.884660636435762981e-01 2.021490973450386974e+00
7.897131492760061100e-01 2.855777296709293367e+00
2.023257408350180864e+00 3.606863567899599055e+00
1.221734368954643823e+00 5.620332481465390995e-01
-9.997827146960382994e-01 4.229861385181689748e+00
-9.188722033313723170e-03 -6.231939059550062332e-02
1.104099970397139252e+00 2.020713958834643442e+00
-1.487473554819240817e-02 1.643122941796979486e+00
-1.408462008020582301e+00 -1.894061464585733656e+00
1.600961746499361293e+00 4.185923800550636287e+00
2.486242012634554577e+00 4.685680954966599643e+00
1.233598630832685172e+00 1.231781828909425780e+00
-2.117639057926208324e+00 2.318651245749668632e+00
-2.166940804658885611e+00 -3.341503093941855518e-01
-1.118936349177069633e+00 2.785770323444972441e+00
-1.174751891419296479e+00 -2.867844990270542738e-01
3.047772813836162165e+00 3.060010552038399112e+00
-9.783664269122243073e-01 3.748318024927528747e+00
1.986041517513077670e+00 1.984272333497332674e+00
-6.610708261600588553e-01 6.691841780832252784e-01
-9.272804680409338918e-01 3.068566076146704624e+00
1.526654791627678032e+00 2.367381129743349355e+00
-1.369991259163889641e-01 -1.686348737239971030e-01
4.963371713202576752e-01 -9.282382804863527070e-01
4.018482578562820318e-01 2.354838446140380626e+00
2.760068109714652884e-01 2.556751699197120420e+00
1.434081685069589440e+00 4.110943569290380850e+00
8.883797293025569308e-02 2.646936889285625760e+00
-1.379552667868366722e-02 -4.514617175425543749e-01
-3.983765709287918622e-01 -3.212752387864798997e+00
1.253376977999349329e+00 3.812313180241776234e+00
1.955811486814146738e+00 1.451609094091064645e+00
2.678290098112149131e+00 4.228973799024821290e+00
5.697385309801988873e-01 -1.488261282980665179e+00
9.279834226165755151e-01 1.078384809702984670e+00
2.901064320563092380e+00 2.339155995720056502e+00
-9.199667704641629751e-01 3.680145866125343446e+00
-1.328634203148572945e+00 -2.251634432021825116e-01
1.142506025667447744e+00 1.913823410036706862e-01
4.501586999195287819e-01 2.188958136555950951e+00
1.326447364449658828e-01 5.894827550280584694e-01
8.006049231802081501e-02 -6.166500348067553983e-01
1.661087892867954663e+00 -1.339528734740075500e+00
8.627329249930352217e-01 -1.719391245934605017e-01
-1.285738178922098296e+00 2.958507996303558318e+00
-1.325377306473732864e+00 2.915532375399363385e-01
9.030405139170412099e-01 2.777540525636582824e+00
2.398087120495462632e-01 5.525132066835753974e-01
-1.013041048902772356e+00 4.888179052327917162e+00
-7.323143590116454327e-02 -1.338223623672674556e+00
8.870939487298257209e-01 -1.423422532869917045e+00
-1.350306435383031411e+00 1.154681295427801846e-01
3.451287058684135545e+00 2.522859303940161446e-02
1.387635042174063082e+00 5.421878632715671387e+00
8.841264717352359526e-01 2.830105400872065857e+00
1.850293433084561068e-01 3.275382826825170568e+00
2.190699305783617490e+00 2.266663294855715272e+00
-6.955375415724638355e-01 7.125662086236228543e-01
-1.795648401986358333e-01 2.195005989977981686e-01
-1.639848038677853337e+00 4.340503725311679162e+00
1.081547435492020259e+00 -3.684563329716525892e-01
1.574003520749301499e+00 9.895388954259674019e-01
1.170672319746376644e+00 -2.592943821540381055e-01
1.696266503194681308e+00 1.068222740867203369e+00
-7.911300296297263390e-02 2.249731265184710338e+00
2.106666224252052189e+00 4.685428546389381665e+00
2.235565022178646721e+00 2.741583487280850218e+00
-2.461892123931374021e-01 2.617427890100371357e+00
4.818142038970388286e-01 1.026156611881145597e+00
-1.523374610247053562e-01 9.179425219686381254e-01
1.002272784609069323e+00 -5.784529697461548992e-01
-1.414779817597285438e+00 2.291363658211889920e+00
1.649290906868511097e+00 1.540298891879523513e+00
1.211878990516841670e+00 2.237431186307518693e+00
-6.532594651483114578e-01 -2.915672372994743355e+00
8.774637512848274534e-01 4.337063115803969637e+00
-1.760110280380293046e+00 -1.260586052348493968e+00
-1.299225790042171980e+00 5.831119484486071425e-01
-1.741836278831516482e+00 -8.618463285068309609e-01
-7.346510653434221716e-01 1.608830982471198379e+00
1.084514572807546928e+00 -3.293036362710117793e-01
2.117714517452350620e+00 2.971845571416183773e+00
-1.357504628105166367e+00 5.265722945229693863e-01
1.087217442079719820e-01 -6.083218787040549635e-01
4.009362661082051527e-01 4.554027611912836448e-02
3.686431462641558632e+00 3.843011549974672647e+00
1.143839143694330041e+00 -1.440689016814606038e+00
-4.493311480620436615e-01 4.817387433628730342e-01
3.829164726152783693e+00 4.501291664641503765e+00
1.832842783073860948e+00 1.975899588350749303e+00
4.402756466914099498e-01 1.640662874915080671e+00
-9.467562680487950910e-02 -3.640538571606968254e-01
-2.180630114744698922e+00 2.202751560492020033e+00
1.691373773344415410e+00 8.429818029191067374e-01
1.793767059337229464e+00 1.998422593294388649e+00
1.330393026326611161e-01 1.629644270319270394e+00
2.506114185521795434e+00 4.854187031267268360e+00
-1.225736330826583620e+00 1.144425091641105841e+00
1.016268652821916696e+00 2.089932940355174296e+00
1.250832895514492060e-02 -3.639862670847273662e-01
2.707298362545230930e+00 1.291803859078343608e+00
2.777235796456595240e-01 5.255944524849589516e-01
-1.014084524870772830e+00 1.077094422355854064e+00
7.416915697876846902e-01 1.489733229159960537e+00
1.677578514912004159e+00 5.659299482069818366e-01
3.424313206428220013e-02 -2.769999957531164902e+00
9.816191249594015122e-01 2.642340723272779135e-01
-1.173120137560059950e+00 -4.893694256870053660e-01
1.618743156578788422e+00 1.125688658613581694e-01
2.361929046006190358e+00 9.014327797349188653e-01
-2.088252766127135729e+00 -2.726607948958176486e+00
5.616934349797662041e-01 -2.336176715450488661e-01
2.036708091638097962e+00 8.994684969368025307e-01
3.555885694344596004e-02 -1.736987103868437465e+00
-1.264137803282270989e+00 1.913172713960320515e-02
2.063265111277023500e+00 2.140722566515032455e+00
9.687001636021380646e-01 3.293308605627429220e+00
3.620012731137007833e+00 3.717244575109663440e+00
1.109179273704796742e-03 8.054902320231507318e-01
1.752727739814406993e+00 2.404788659000649975e+00
3.195156163987435960e+00 2.592377027815529811e+00
1.163469096153818327e+00 -9.604482324844081376e-01
-8.661978030970816089e-01 1.058354450173391026e-01
1.562116909733887615e+00 -1.223975652629786026e+00
-4.737360786510915744e-01 2.424660416510571181e-03
-1.914629910864307227e-02 -4.184938080015754291e-01
1.088650851092412220e+00 2.448434126342761807e+00
-4.862572344550069037e-01 -1.692952442896482612e+00
3.546051035074599400e-01 1.379680507862097727e-01
-1.934263450799357242e-01 1.660864495459247081e+00
1.708483244005119195e+00 3.336704036175238475e+00
2.844652413952559744e-01 2.658488607823511707e+00
9.018105900553964327e-01 2.038518724531091841e+00
1.296124374617835695e+00 2.438044209921258698e+00
-5.327011036005817601e-01 2.849896497173122434e+00
2.710656444221499761e-01 3.858351338370100692e+00
1.402236137581098774e+00 1.789553236596815200e+00
1.243338610304269620e+00 -1.117592329137342855e+00
-1.345805208610223680e+00 -5.925112951147173401e-01
8.345920478127629716e-01 2.417754796990290611e+00
2.007761826570784724e-01 3.065190781133256825e-01
1.354127477112786915e+00 8.721477140329327860e-01
2.444567757334081826e+00 -1.525979487570757964e+00
-2.308675298388105368e+00 3.101236315015908573e+00
2.432872107284232976e-01 -9.949197840327466125e-01
9.245343351487869121e-01 7.261128318399430626e+00
-9.123534676074407379e-02 6.686430887490935504e+00
-9.162324436458264554e-01 1.083290749530074759e+00
-1.153128720906022586e-01 -1.476022269388075348e-01
-2.066092092875420505e+00 1.485466448724018562e+00
-3.622955058108814352e-01 2.862141121382629105e+00
2.738733834220403174e-01 -5.832020293729816007e-01
-1.336646381930475469e+00 -1.543367275838562591e+00
-9.527641540341054149e-01 -4.712743367515421777e-01
3.420470770834177721e+00 2.201760919471462241e+00
8.131687240151090901e-01 1.508044372151887691e+00
1.402662769545695021e+00 1.437347903122150772e+00
-4.081559647220078801e-02 4.385882819957193313e+00
1.698371127837328576e+00 5.794536599122658949e+00
8.907361290619970617e-01 3.132396286680094288e+00
1.746273502972381930e+00 1.711318619941615493e+00
4.648340853984730403e-01 -1.377981029121040368e+00
2.986102330587763198e+00 5.570016242603365697e+00
2.694953396394533129e+00 7.033000303254824948e-01
-1.628930156477184088e-01 4.862836772835715138e+00
-7.516650422969457512e-01 -6.796472546969147821e-01
4.268444305960337193e-01 3.977367711941420581e+00
6.674048343579686016e-01 1.282406314117019663e+00
9.674121569507166951e-01 -7.717157033223258633e-01
-1.468125721244547766e+00 1.903604880604415905e+00
-8.484887161310330495e-01 8.366189167443828234e-01
2.086643384714281346e+00 7.589105505169532195e-01
6.664901667749294489e-01 3.435540895028499797e+00
-6.874248283495736356e-01 5.980141047416425160e-01
2.832457884825945182e-01 -3.678981179433712612e+00
-1.894690330280102364e+00 3.662542258755992819e+00
1.579189128327647129e+00 3.826338570684920448e+00
9.486856348995209576e-01 -3.484438288254559701e+00
1.567192021812351177e+00 1.401909132753125453e+00
5.392254474312496715e-01 -1.814003770946787331e+00
-1.014126713096465959e+00 -1.060156617034611504e+00
-8.707352284804448228e-01 -1.065941260736843255e+00
1.641988154302681524e+00 6.466745860949840718e-02
-1.360545458514356154e+00 2.904853141182211385e+00
6.306819255024795901e-01 -4.104890657160753520e-01
6.531214585970661624e-01 2.773226473426579908e+00
2.266532398234868850e+00 3.100311571897184315e+00
9.324286867101805321e-01 -6.404279932243093221e-01
6.120749429629048777e-01 -3.872240047499322380e-01
-7.120166423759837215e-01 -7.448171660961837581e-01
2.930737732219507174e-02 5.848579705459850953e-01
-2.617438930397308461e+00 -1.191797034676335354e+00
2.408154970628615388e+00 2.571709893562835525e+00
-8.342931302189457998e-01 -3.647681654853078825e-01
-6.613324321058331456e-01 1.355919739369722210e+00
-4.891055866609607117e-01 -2.247319581694982471e+00
1.528022105882993698e+00 9.923755402785198187e-01
2.206183639795527007e+00 -1.252879437898730686e-01
-3.516618800874187212e-01 1.724677147477322592e-01
3.285358474072135326e-01 2.858557032156195277e+00
1.501298836928669278e+00 1.297402412318918508e+00
1.368504151760098875e+00 6.516806491867549456e-01
2.173820462752704685e+00 3.745781239070140600e-01
-4.520318865471684155e-01 5.221944832215227095e+00
2.568640348996283684e+00 1.592073365194018653e+00
-2.689742692859613538e-01 8.127021507377669707e-01
2.859317734493040497e+00 6.155353617402615107e+00
-5.415994755246952286e-01 -1.061734786837640776e+00
-4.749801783427853863e-01 -3.634317139704805744e-01
9.089149772468934074e-01 -4.573457765345552151e-01
3.893070043213542331e-02 -6.282713546750593459e-01
1.373910517157526101e-01 2.732479708285652453e+00
4.657676958643737208e-01 1.912272437497634980e+00
-5.317017554516845212e-02 4.162757744098275481e+00
1.862593257233835287e+00 1.596819036591414553e+00
9.027278035567600778e-01 1.678558327439307885e+00
-2.190222679818177198e+00 2.342480373016341932e+00
2.312353498647671923e+00 -2.533469898343854165e-01
-2.234725360704900687e+00 3.594541697262070734e+00
1.355918175272850856e+00 4.037410033559096334e+00
-9.762677436470255099e-01 2.506978879476262634e-02
4.171738410404970399e-01 3.941644148408327997e+00
3.135818841744439034e+00 -1.792714448869249910e+00
1.070994704689842481e+00 1.735421997724454712e+00
8.283074472680165279e-01 3.358977231026147425e+00
1.939154553825882310e+00 1.408245065422173647e+00
2.671326834007579087e+00 4.904303455695593783e+00
-1.925272255114587550e+00 -6.612372429689923337e-01
-6.437458754051883503e-02 2.382519922653322464e+00
5.928818595361958765e-01 4.437703218327732735e+00
4.023273628642896060e-01 -3.520514534006813356e-01
1.848631105068232472e-02 2.767707092686234827e+00
-1.673112409854238036e+00 -2.926930302701580722e+00
-1.963498076847773888e-01 4.865591156319840849e+00
7.023106216612101660e-01 -7.973425224033334757e-01
-2.928449829653730241e+00 -1.740453954802493097e+00
1.827160572957341467e+00 2.011683278475186576e+00
1.111099257579798660e+00 4.582722256683797291e+00
-8.651139377620060689e-01 3.820985636770291016e-02
-2.252497796195342961e-01 2.729300999747114709e+00
1.380603719712028887e+00 9.611705980500491187e-01
2.590645015139020124e+00 3.755287489349167007e+00
1.607374468173278226e+00 1.707918811615205534e+00
6.902706694563971457e-01 -7.346121149184057231e-01
2.893953886874034431e+00 4.034672165410412958e+00
9.121900622103203959e-01 3.842332237030638975e+00
2.170055386968970268e+00 -2.660495753606028302e+00
3.969354541380308299e-01 1.426190096487363279e+00
2.578851045256564056e+00 1.815614090930808944e+00
3.491166278113567722e-01 1.573211667582341544e+00
1.678194921133535633e+00 -2.162113123883117716e+00
2.352326600550358193e-01 1.752924133425683983e+00
6.925566272405705437e-01 1.597371298903916603e+00
1.316382005273267319e+00 4.580207692426500721e+00
1.947170732808949145e+00 1.177716905917362000e+00
-3.849554538691994932e-01 -3.638831272899616387e-01
4.780207158542727264e+00 -3.506252946880128452e-01
1.554495975206344527e+00 3.840896141596705782e-02
-1.655595265886544487e+00 -1.167053108276868922e+00
5.034693495968498578e-01 2.300408038288284995e+00
1.364768158813792542e+00 1.771620200309857562e+00
8.130788624867020253e-01 1.790841182007381738e+00
-1.548345679262576935e+00 1.392570237215472906e+00
-1.250698588726219196e+00 1.134800576735606192e-02
5.511491892700122186e-01 2.584694277001648555e+00
-7.127014879349857779e-01 -2.211211605840901928e+00
-1.551394624863927652e+00 -1.164588974650173192e+00
1.669536079979287768e+00 1.925139863180640898e+00
1.546983973007915791e+00 -2.421405788465532893e+00
3.541434749355353295e-01 -2.083334122411468314e+00
-7.345949344446356388e-01 -9.267459431669378134e-02
5.011821375918779076e-01 5.783224695351681932e-01
5.445606811577279327e-01 1.775032209612146250e-01
5.441256411212751498e-01 2.909175984526483294e+00
2.757970033439517965e-01 1.550778920508582681e+00
9.095943023632622193e-01 2.605496321629797940e+00
1.078970599295794086e+00 -1.145011922290768425e-01
7.741221143024746842e-01 4.649067663537428174e+00
1.165770622177181082e+00 9.523649432511005486e-01
1.586096829896138871e+00 1.720358720718547119e+00
8.165085654929442605e-01 3.593107796323121050e+00
6.779187965847420783e-01 2.282723617173995745e+00
3.243194265059456072e+00 4.591894513467232208e+00
-1.422863026452801050e+00 -9.282223716277848702e-01
-1.657446567677480109e+00 7.848029921982401236e-01
9.743127122870942625e-01 2.241769844352217156e+00
2.415675879643933932e+00 -2.088642293034978614e+00
-1.669190307475019175e-01 2.412046708462865841e+00
6.533541777442641862e-01 2.239534971978209388e+00
-1.520350558335975988e+00 1.079659415348759310e+00
-1.876422500807882310e+00 6.740047835325795322e-01
1.807518091115740244e+00 5.517653685568876476e+00
8.651419772118484897e-01 1.396546106784473551e+00
-4.619200764104451906e-01 -5.768192468054602617e-01
6.249953583284391101e-01 2.930967674364166164e+00
1.375221328901417683e+00 3.004548441732425967e+00
3.327598766711466816e+00 3.453971513859808162e+00
1.029359037525761300e+00 8.987593305912058295e-01
1.290581486141382683e+00 5.083158792206503573e-01
-6.607335880250038151e-01 -2.721712018102808717e-01
-1.939041515705955954e+00 4.843921544926564238e+00
1.084991264297475055e+00 2.982190278647235182e+00
2.447039794056401207e-01 3.569193344948088376e-01
1.297432392760607955e+00 2.667229620025386438e+00
1.736585704236076610e+00 1.173320562515675292e+00
-3.796680669807717123e-01 -2.706326333354077018e+00
-6.998612728608044620e-02 1.992024553743852344e+00
-2.103693054998670320e+00 -2.197429131379605494e+00
-6.340966001548060671e-01 -2.952740036700580717e-01
9.887698275233833822e-01 1.707691021307320423e-01
4.772442063955921743e-01 1.704012256672301939e+00
2.862728772329826477e+00 4.937172633323716475e-02
-2.679688076137861863e+00 1.327855261586884383e+00
-3.115464631982929333e+00 -2.593660418523731082e-01
-3.617629153816311893e-01 1.364058470183080463e+00
-9.717890056959126444e-01 6.853016477871698431e-01
4.279702097954374729e+00 2.802244445727759548e+00
-1.381388465924940023e+00 3.077641976293699067e+00
7.108509650704402105e-01 2.381687090870276080e+00
3.642746927356621534e+00 2.305125443569259858e+00
7.614738321361500528e-01 4.090533805833588943e+00
-6.803080723407561869e-01 -1.210728908448478247e+00
3.469174939858699624e-01 2.375563733478074369e+00
-1.414418241613716098e+00 -1.741500445449954526e+00
2.614814687724019149e-01 -2.690650571909500854e-01
-5.433948816383082914e-01 -2.060087602301010179e+00
1.615432546093622523e-01 3.706255512152353493e+00
1.566457873367244957e+00 3.103818851308011162e-01
